0.923076923077  0.421052631579 [0, 1, 2, 6, 11, 16, 25, 44, 48]  [12258.0, 3231.0, 376.0, 373.0, 5357.0, 10822.0, 12950.0, 8754.0, 10667.0]           0.684758155231  0.86964
0.910256410256  0.578947368421 [0, 1, 2, 7, 25]                  [12258.0, 3231.0, 376.0, 15050.0, 12950.0]                                           0.756211180124  0.86964
0.858974358974  0.421052631579 [0, 7, 14, 19, 25, 38, 39, 48]    [12258.0, 15050.0, 11924.0, 7447.0, 12950.0, 6109.0, 4972.0, 10667.0]                0.682603686636  0.84643
0.897435897436  0.421052631579 [0, 1, 2, 6, 14]                  [12258.0, 3231.0, 376.0, 373.0, 11924.0]                                             0.723602484472  0.83214
0.910256410256  0.368421052632 [0, 1, 2, 37, 48]                 [12258.0, 3231.0, 376.0, 3191.0, 10667.0]                                            0.748447204969  0.86071
0.884615384615  0.473684210526 [0, 7, 9, 14, 32]                 [12258.0, 15050.0, 11389.0, 11924.0, 455.0]                                          0.67701863354   0.77857
0.897435897436  0.526315789474 [0, 1, 2, 5, 41, 48]              [12258.0, 3231.0, 376.0, 18623.0, 19214.0, 10667.0]                                  0.708232445521  0.83571
0.858974358974  0.473684210526 [0, 1, 4, 41, 46]                 [12258.0, 3231.0, 4630.0, 19214.0, 24307.0]                                          0.703416149068  0.80893
0.910256410256  0.631578947368 [0, 1, 3, 17, 22]                 [12258.0, 3231.0, 16080.0, 20341.0, 14714.0]                                         0.768633540373  0.88393
0.923076923077  0.526315789474 [0, 1, 2, 4, 9, 40]               [12258.0, 3231.0, 376.0, 4630.0, 11389.0, 12454.0]                                   0.750605326877  0.88571
