0.820512820513  0.473684210526 [0, 2, 15, 24]           [12258.0, 376.0, 20506.0, 15925.0]                      0.719068877551
0.897435897436  0.526315789474 [0, 1, 6, 19, 33, 46]    [12258.0, 3231.0, 373.0, 7447.0, 849.0, 24307.0]        0.740012106538
0.897435897436  0.473684210526 [0, 1, 22, 28, 30]       [12258.0, 3231.0, 14714.0, 3530.0, 1696.0]              0.728260869565
0.871794871795  0.684210526316 [0, 4, 10, 27, 40]       [12258.0, 4630.0, 3462.0, 5232.0, 12454.0]              0.739130434783
0.923076923077  0.526315789474 [0, 1, 2, 4, 9, 40]      [12258.0, 3231.0, 376.0, 4630.0, 11389.0, 12454.0]      0.750605326877
0.910256410256  0.526315789474 [0, 11, 17, 28, 46]      [12258.0, 5357.0, 20341.0, 3530.0, 24307.0]             0.759316770186
0.871794871795  0.526315789474 [1, 11, 12, 17]          [3231.0, 5357.0, 21355.0, 20341.0]                      0.768494897959
0.910256410256  0.473684210526 [0, 11, 30, 39, 40, 46]  [12258.0, 5357.0, 1696.0, 4972.0, 12454.0, 24307.0]     0.727905569007
0.884615384615  0.473684210526 [0, 4, 11, 34, 40, 47]   [12258.0, 4630.0, 5357.0, 15084.0, 12454.0, 3845.0]     0.727905569007
0.923076923077  0.578947368421 [0, 1, 17, 22]           [12258.0, 3231.0, 20341.0, 14714.0]                     0.801977040816
